№;Дата;Расход на входе 1, м3;Расход на входе 2, м3;Расход на выходе, м3;Расход на промыв., м3;Расход на выходе 1, м3;Расход на выходе 2, м3;Расход на выходе, м3;Расход энергии, КВтч;
1;2025.01.01;348.0;536.0;885.3;31.9;0.0;761.0;761.0;839.6;
2;2025.01.02;386.0;535.0;922.5;31.8;0.0;800.5;800.5;882.0;
3;2025.01.03;507.0;456.0;965.2;32.0;0.0;795.6;795.6;872.4;
4;2025.01.04;546.0;359.0;908.0;32.0;0.0;778.5;778.5;853.6;
5;2025.01.05;550.0;402.0;953.2;32.1;0.0;770.0;770.0;944.0;
6;2025.01.06;549.0;398.0;949.2;32.2;0.0;784.9;784.9;937.6;
7;2025.01.07;372.0;515.0;886.5;32.1;0.0;748.7;748.7;823.6;
8;2025.01.08;421.0;534.0;956.8;32.0;0.0;815.6;815.6;722.0;
9;2025.01.09;472.0;535.0;1009.2;32.2;0.0;786.2;786.2;820.0;
10;2025.01.10;453.0;534.0;989.1;32.1;0.0;788.4;788.4;878.4;
11;2025.01.11;472.0;422.0;897.6;32.1;0.0;768.0;768.0;828.8;
12;2025.01.12;551.0;364.0;917.3;32.2;0.0;809.8;809.8;853.2;
13;2025.01.13;554.0;382.0;936.4;32.1;0.0;767.8;767.8;909.6;
14;2025.01.14;554.0;425.0;978.9;32.3;0.0;786.0;786.0;937.2;
15;2025.01.15;400.0;529.0;931.0;32.3;0.0;772.8;772.8;858.4;
16;2025.01.16;392.0;534.0;927.9;32.2;498.0;298.0;796.0;896.0;
17;2025.01.17;384.0;534.0;918.2;32.1;839.5;0.0;839.5;880.4;
18;2025.01.18;483.0;477.0;960.7;31.9;860.0;0.0;860.0;857.6;
19;2025.01.19;554.0;375.0;930.1;32.1;861.6;0.0;861.6;847.6;
20;2025.01.20;556.0;397.0;954.1;32.3;855.9;0.0;855.9;899.2;
21;2025.01.21;556.0;384.0;940.7;32.1;837.4;0.0;837.4;908.8;
22;2025.01.22;452.0;491.0;944.5;32.1;832.4;0.0;832.4;913.6;
23;2025.01.23;466.0;533.0;999.6;32.2;845.7;0.0;845.7;967.2;
24;2025.01.24;377.0;535.0;913.7;32.2;857.2;0.0;857.2;851.6;
25;2025.01.25;451.0;532.0;986.2;32.0;869.3;0.0;869.3;868.8;
26;2025.01.26;467.0;500.0;967.4;31.9;910.6;0.0;910.6;874.8;
27;2025.01.27;0.0;0.0;0.0;0.0;0.0;0.0;0.0;0.0;
28;2025.01.28;0.0;0.0;0.0;0.0;0.0;0.0;0.0;0.0;
29;2025.01.29;0.0;0.0;0.0;0.0;0.0;0.0;0.0;0.0;
30;2025.01.30;0.0;0.0;0.0;0.0;0.0;0.0;0.0;0.0;
31;2025.01.31;0.0;0.0;0.0;0.0;0.0;0.0;0.0;0.0;
