No;Date;Parameter 1;Parameter 2;Parameter 3;Parameter 4;Parameter 5;Parameter 6;Parameter 7;Parameter 8;
001;01.01.2025 21:00;150000000;2100000000;100000000;200000000;100000000;40000000000;1000000000;10000000;
002;01.01.2025 21:00;15000;21000;1000;20000;10000;40000;10000;1000000;
003;01.01.2025 21:00;15000;21000;1000;20000;10000;40000;10000;1000000;
004;01.01.2025 21:00;15000;21000;1000;20000;10000;40000;10000;1000000;
005;01.01.2025 21:00;15000;21000;1000;20000;10000;40000;10000;1000000;
006;01.01.2025 21:00;15000;21000;1000;20000;10000;40000;10000;1000000;
007;01.01.2025 21:00;15000;21000;1000;20000;10000;40000;10000;1000000;
008;01.01.2025 21:00;15000;21000;1000;20000;10000;40000;10000;1000000;
009;01.01.2025 21:00;15000;21000;1000;20000;10000;40000;10000;1000000;
010;01.01.2025 21:00;1500000000;21000;1000;20000;10000;40000;10000;1000000;
